1240
18759
4398
23457
17185
11852
569
6343
25607
11954
9087
18149
13257
2642
9082
8139
14607
20488
11427
29319
15799
26139
18083
22556
1254
1393
24111
787
3177
25356
7311
10494
21042
25781
26597
10286
3177
23304
26803
16706
10015
26462
1405
18304
976
12392
4973
26433
16241
7672
4211
4142
18261
7299
25791
19401
22682
5851
8762
4833
1323
4249
39
4490
7266
21305
19152
13229
4107
6319
3316
3780
10956
25450
16420
13867
20743
540
21662
19661
3437
28856
4265
15043
5975
28800
9306
1123
17870
12190
23412
8222
18722
26728
2515
15302
12274
10687
11153
8015
17108
13377
25918
3996
19271
23825
11356
18319
5724
25708
11260
4290
10868
15578
27898
4069
1813
28319
18222
15984
553
4578
17717
8258
26926
21524
12478
20248
1067
7209
29446
20852
10887
18214
12175
19076
24851
29016
6654
17329
4357
455
25333
18422
13510
22484
3643
11909
19289
20593
19344
15671
43
25207
2916
10877
7952
18577
8546
25378
12223
16789
26591
19017
3776
23826
4433
1676
23056
23818
8657
29503
7703
15777
23643
4933
23076
25004
26015
14614
17604
5910
21747
9430
24379
16411
22168
10878
6993
8842
11796
28577
25253
14425
24875
6473
28943
14170
19724
22033
14078
24109
9536
1847
20278
9166
29605
10542
14489
12794
23511
3422
26188
12655
5715
6617
23324
14240
12722
16787
3929
21301
21263
21255
21312
21287
21217
21285
21286
21277
21309
21216
21276
21251
21282
21262
21319
21237
21283
21215
21232
21272
21330
21247
21302
21231
21219
21262
21332
21258
21222
21234
21235
21277
21255
21259
21220
21296
21335
21262
21319
21232
21308
21232
21222
21319
21297
21233
21281
21237
21233
21289
21306
21288
21292
21273
21291
21234
21294
21208
21327
21317
21227
21289
21275
21241
21213
21285
21306
21283
21251
21274
21213
21327
21208
21226
21325
21244
21294
21281
21335
21332
21275
21304
21270
21325
21250
21324
21313
21330
21206
21318
21240
21279
21250
21255
21210
21292
21274
20840
7004
7761
16742
23073
15345
16177
27815
30065
357
2903
16761
3345
3882
12460
20413
29922
12281
25787
6502
4472
17741
484
23628
22580
27880
20520
29385
24130
4458
22910
11940
9208
25181
20430
4004
5831
6943
18715
23977
24029
20637
4721
27290
2902
22031
12447
12968
13738
4896
14502
6379
13860
2870
23715
27459
5227
15129
12564
8989
4975
13666
14918
18817
19907
20530
4620
18308
10255
20977
16345
24581
27946
2554
7641
5736
23413
25495
25540
24914
13990
5014
8505
11063
28837
14180
6848
8399
28698
17756
10299
24359
29118
8143
9446
28153
20773
7116
27821
6929
18738
18823
27437
6804
9870
1076
23960
18006
4726
20169
27267
2985
25790
338
9339
28099
21753
11219
23423
20193
11990
18112
16449
19537
2254
11860
23568
11484
9024
9764
16676
17359
6394
7743
24855
6241
26475
27823
27785
13651
10139
23062
26900
24919
1681
4784
22304
23298
6528
14292
12198
23902
15200
28754
10502
27279
24352
27595
18709
15196
28553
26214
20905
5303
2653
16608
23886
2114
23565
6647
2459
20510
5642
3987
1396
7572
7451
3280
26780
6280
698
11239
24864
7049
16194
5389
21054
15133
5221
6260
7324
8591
24089
15807
29213
12085
9564
25827
10819
8952
25753
21691
27526
12000
20542
12269
13613
1257
4412
9543
26222
16323
25436
269
27061
4424
13959
13430
23543
9385
3273
4652
8428
4651
2184
18292
18899
1686
15728
8818
27137
20124
22109
7868
29788
1761
7508
27588
428
21072
6464
6272
15529
16087
23049
5454
11351
20036
24098
21767
6136
2357
25722
20205
24304
13562
7838
9039
3412
9182
19532
19243
27783
15509
17769
22442
14776
2268
8017
18223
19008
13016
6753
20058
2487
25023
26284
14902
26291
9513
5734
16887
22982
14141
3737
9226
13862
8729
28023
2896
492
9768
21685
1265
23362
27363
21710
15446
7993
11113
28761
21592
4079
6603
6060
13861
785
27709
7034
16140
7090
19164
7456
3914
9822
9228
9310
1685
8652
7905
6671
5834
7350
9156
6378
6447
9246
1313
1881
7925
6033
2506
671
482
4559
7821
922
3937
3189
9781
7980
1037
1216
9213
2056
6052
7427
6249
4955
375
5063
9100
2917
1513
6650
1968
4210
3095
6585
55
3639
853
5147
3402
1383
2450
8299
42
2519
4570
3753
9091
1110
8966
9069
2992
4042
691
6317
6422
3837
6996
1118
2579
1981
149
9123
7152
6972
8990
510
5279
8368
5508
6679
2164
2068
4075
4364
1414
5854
4895
9063
408
4669
2754
346
1977
645
2781
5961
8340
60
1953
7981
5750
2488
1148
3622
2035
3706
7905
3966
6395
5233
6508
746
71
9022
5129
7336
2640
4588
6146
4520
4866
2178
780
7869
4039
8662
9955
3678
7427
9448
9011
8056
7721
877
2158
9435
8268
783
8262
9782
2772
8603
4968
3645
261
543
6173
9729
9101
4707
1462
5276
1293
3111
4146
7342
5449
4908
229
1923
1689
7944
229
1509
3058
1376
746
2537
6694
4568
7951
8965
5781
4466
8755
3228
9264
7632
660
8523
782
5868
9971
7315
7806
5460
3188
5191
4572
3
3035
2790
5161
3031
4493
340
4237
8303
9615
9949
3281
6610
2297
2768
6723
3989
202
3660
191
2825
7012
414
4346
554
1874
8939
153
7422
1297
8227
1573
7609
8276
5624
8336
4994
505
884
1941
2677
6923
8980
3754
3438
5126
8469
6114
8530
2970
443
5321
3353
5392
4813
9905
8331
3237
7470
4329
8836
9258
8559
4144
9713
8433
3104
5837
7113
5679
7521
8097
2059
3203
9146
6851
2441
8635
9882
8857
5481
614
5410
2500
779
8744
2452
8136
4198
2393
2698
6966
7310
1124
1525
9853
3549
6860
8810
3255
2393
4025
9887
6061
3298
1197
3901
4418
6465
1763
8649
2313
9146
9303
9181
5265
5022
7897
2281
732
9309
8045
8579
5212
6520
3070
8585
2708
7415
848
4997
5564
6459
9592
7881
5866
1103
9766
9364
2335
9471
7407
4941
4924
6630
6143
7014
6930
2262
7185
6199
3359
5056
4961
9983
4455
1194
6221
9572
1409
4482
3071
7716
7340
8114
2528
4076
3745
9649
4560
6224
5316
5733
6257
8407
7068
1634
5467
9266
140
5872
642
8071
9181
8988
8783
1269
5606
1161
1759
1554
7759
1094
6257
2441
7836
7626
463
7920
9137
4068
241
8126
9917
7932
3818
6072
7029
6389
5438
8817
9750
18
1558
7945
63
4123
5565
669
8606
6598
8309
4156
8598
5488
2207
848
3677
2015
6259
9010
1351
5156
7269
1010
6680
9503
9623
8099
7354
8338
2883
9471
3425
8317
6928
1225
844
8456
8410
4876
5148
3498
744
7493
3707
8158
8382
8049
6071
7493
8049
2726
2926
8886
6134
1994
9103
5190
7080
3504
2637
5684
9738
5807
7484
5058
4802
4401
7068
5782
7199
9863
2547
7998
2692
4626
2365
6772
8860
1875
3384
403
1902
1756
2909
8252
1401
765
7973
6883
4534
7127
2739
5412
8538
626
8076
5440
