23097
5441
23132
29904
23135
23128
29903
23117
27685
23184
23106
27687
27686
29908
29906
23195
23104
23198
23164
23118
23169
23108
2932
23123
23100
23116
29905
2938
23153
23093
29907
23196
27694
23122
23114
23103
23173
27695
29909
23172
23126
2942
23170
23181
23125
23168
23111
23139
27691
23147
23206
23192
23129
23145
23130
23179
23107
23113
23189
23154
23205
23142
23200
23105
23186
23131
13631
23121
23204
23098
27693
23177
23112
23158
23197
27684
23109
27688
23183
23165
23163
23160
27696
29734
23178
23177
23178
23140
23203
23146
29734
23137
13632
23160
27696
23175
23183
23176
23157
23160
23151
23143
23133
23121
23159
23149
23095
13632
27683
23124
23157
23140
23176
27684
27683
23149
23161
13633
23127
23157
27690
0
23163
23137
23109
23183
23176
23115
23157
23207
23152
23095
23138
27688
2928
23098
23115
23194
23157
23133
27693
23156
23166
23180
23092
13633
23152
27689
23188
23177
23182
23143
23165
23194
23138
23165
23144
23098
23146
23176
